313156
478224
362642
384395
61150
111000
423234
388902
271825
335299
117543
211501
452187
493146
552276
312220
568249
163568
237560
385535
6336
247106
484246
343162
458598
93764
213174
553942
25625
186797
190767
235189
442980
566027
83632
287904
219174
112956
292986
196681
117668
66027
349964
516319
406874
138659
479680
222053
292171
74499
308316
181057
103522
333424
505469
234391
494572
281581
92549
209320
129397
144064
11667
474410
575351
274341
18312
63147
83613
472509
354491
455476
541991
118690
436936
347652
100413
45701
443400
339100
312686
395326
407465
433084
211716
355072
554978
135800
365654
431297
387764
377713
509021
311286
197222
384070
536738
60576
554994
405894
205078
247660
275380
181021
215113
373196
158080
301443
138755
173315
409496
94632
163525
482928
199215
324165
162171
24458
414027
448426
352899
496554
292791
142940
195300
520840
378859
28184
183187
80788
440060
245528
12416
218601
285046
53454
411559
515695
93667
5076
452799
474237
360129
83117
518951
341539
352192
24921
239558
370149
119320
557578
436146
387661
381254
482157
106043
213602
5946
332316
25273
12501
560135
13789
509679
359086
265003
64593
317863
392391
420236
513882
277498
1497
571903
419406
419378
11169
114408
531044
320351
239048
76632
44860
327186
173544
248203
797
399752
144259
222313
96043
46936
278548
3118
35760
578466
143425
265297
207763
246066
474920
541887
254732
477826
221509
45471
209063
269664
219778
150148
208659
498740
454857
268340
10689
305644
216457
180253
539129
425153
88208
124983
368435
45280
498263
437206
434886
369230
488658
527509
447235
34214
349925
305414
110084
193281
574385
483737
35725
478374
188207
162773
448983
72728
556481
578467
466547
53170
387954
557869
510500
563301
349083
37548
227855
238301
191568
535573
406001
186785
276195
130096
294749
4068
277776
449471
65206
142552
147170
380665
4546
260974
244692
406750
136235
513809
137806
66121
164687
326731
553909
262418
296676
19739
362071
176796
238203
278528
158137
24931
480447
144182
203687
131099
19755
74411
1611
84591
45419
408336
290718
57703
54516
170512
150838
38116
246728
333533
430898
108718
454898
168329
215196
210991
526762
194419
487994
201698
91857
460236
6896
435803
425608
407532
270247
576822
558834
56821
180462
149052
564654
274789
125390
215324
479328
83482
23587
336766
99066
445131
324161
146751
372959
279677
198565
184383
201246
558962
20765
10230
39497
554823
103250
373309
44732
23673
565929
318974
275015
275263
550875
542444
4322
413922
393617
55241
94045
137847
14502
487635
526143
267823
266441
126936
5355
92186
392010
286770
35123
404992
175122
385765
372914
106168
136453
182984
9091
394159
145791
475711
168001
546031
365618
302094
524613
236189
318596
351420
463787
204806
433704
52035
63171
395185
322027
78042
361370
195345
566062
252008
292387
298979
8595
525101
535860
123262
35031
137203
335840
356513
126432
5099
573744
56891
110984
182861
192843
241082
300177
399558
507257
194679
79262
299089
284088
581220
409262
498975
575958
358442
444336
180013
363508
147300
479204
209195
74477
477143
131060
282553
294360
38540
36388
359061
226501
127729
444566
248066
239187
280073
283495
103403
307981
380892
425433
513810
86832
163992
389129
225044
158485
502766
453157
445244
61526
263251
120592
272736
554561
57689
321550
8547
237542
72429
180447
19239
225824
126766
231532
502114
549338
340345
87553
515260
543805
49720
11766
263520
369144
299962
345813
351419
338319
428212
198271
132773
79913
561119
457805
453906
106671
539891
307001
376013
399297
301160
454449
438539
458156
557342
523274
324104
502212
35299
449870
527615
261071
497267
101115
556817
38232
64746
154995
393942
343256
116994
562257
473994
351830
284118
266023
334162
74722
377613
235893
305978
69226
144618
77455
103512
454561
200202
472864
35240
148570
529344
263477
543203
321493
166260
151
79710
108259
323396
67355
288075
409221
356641
105782
448205
154
153392
304320
33959
329480
60671
392364
467685
570110
431115
138713
127286
382318
493121
533291
116279
545214
306128
579463
289067
267907
477398
451738
63050
349944
533039
225634
377409
3035
89132
52853
369279
356368
142786
521884
332407
426598
158952
573932
382905
28820
446473
214022
439838
273052
29755
389582
256037
442250
564879
299259
125898
176082
43308
574964
223776
67515
90989
489261
199390
100757
423025
488002
247014
244167
91954
412899
102246
282009
559051
364522
496836
115077
168508
136008
462577
272852
268927
80180
193363
307421
151615
454854
376875
428333
175362
137706
170638
259296
113054
425308
386785
161187
296943
429602
562937
99004
508414
408081
341916
270836
344194
307150
160159
7567
236535
470951
570807
415533
199247
356765
167748
50962
485485
212088
100607
47948
137127
227677
438910
404059
325346
250708
301597
247394
195829
213592
516673
403040
433270
376436
388643
10276
299050
13127
453377
421322
439834
443075
114080
503761
195806
217034
178072
522013
226524
180098
165658
214309
480053
347697
111017
238700
381274
248496
47916
146467
182483
445372
430581
252724
578894
244765
426850
445915
163497
186697
10327
448401
91227
540183
522807
347235
236000
548420
157021
261645
574527
9478
87382
157036
421157
70557
454538
515656
232910
420402
280999
283309
527379
337427
224800
194009
211439
311982
397475
135982
163104
57731
203868
321766
246237
431952
189469
258915
404504
79824
524927
196804
494012
416827
316112
419474
574731
149470
148546
529020
294321
125872
561005
165160
413879
27585
258094
232455
25158
352485
381914
423830
354111
498010
44952
286521
46885
89500
98671
483266
203511
126537
186998
237502
119964
405499
469492
515962
291873
228858
404828
148181
163240
302655
33383
568665
65227
456782
22176
285498
270556
543220
420466
425269
142323
91360
282812
10440
464737
72391
454039
265150
311412
14089
310175
178994
90058
348483
411484
250284
426525
342808
496632
357219
568816
308974
568830
161962
284989
551446
228919
161517
482740
551515
291773
409623
304347
536781
38601
97822
331186
378628
141994
147294
217554
71883
558163
428658
210097
128020
148215
393674
246044
207075
189203
84870
40478
428837
391229
343898
108536
475447
40100
69350
163055
189885
562441
84980
364913
531032
57646
260433
427102
249836
373583
24103
497878
290192
325812
136186
237881
576398
379477
353036
563535
316658
327643
566025
43170
178606
68914
138618
518438
65630
43678
389554
227946
376371
579920
187071
368476
65916
268642
388267
248224
478880
482479
344483
430325
92363
391874
410657
468902
263810
91275
126192
293108
213355
328819
108908
411215
240706
334080
581813
419445
18485
388487
23639
488030
350157
378056
66676
540176
30739
499799
507440
323746
510161
145528
67262
230232
557823
373810
134685
296602
320171
225108
277047
521804
260048
141038
325646
368311
98182
439669
336384
299689
239194
271586
499388
456106
329375
29122
55973
255137
244674
127785
567403
41713
353370
157875
435902
422508
27227
282257
145429
66427
181769
111746
564596
49382
290265
509497
43613
413942
454959
153083
6914
374458
166190
172285
448871
53474
293493
468542
533509
137366
86344
229654
450551
530551
551241
251094
96250
439050
425072
530622
427767
251128
147843
439619
210442
112720
324099
401509
389699
289332
225202
478311
354725
342643
281503
197997
433616
11525
206369
63516
345658
16486
68609
7729
306277
413391
186827
447124
224522
14557
198682
431650
276408
347051
145587
271622
88835
417679
439200
309437
77063
214792
540925
269807
442536
297314
27343
42169
504052
120666
398350
234350
538530
255385
278452
347663
376029
26905
427013
558705
335847
117961
513999
146951
228290
452908
133227
431855
518234
539510
245139
376531
285076
37716
445008
209971
320362
523599
521649
308954
6692
579366
568040
166370
347145
349122
190806
543549
431573
382624
249977
402359
540785
85926
202943
335289
118242
252966
424718
202241
393858
504851
56739
425052
233453
138083
411748
499451
217509
559416
57173
73461
535174
423529
489944
297465
22578
375811
324642
426064
388468
276852
101240
550555
425249
520892
445859
283586
36273
181224
40335
73235
60704
138434
307280
35459
168879
204519
342946
107814
5557
276731
216393
159567
391113
422696
523334
323311
102300
167467
188976
39125
122573
88097
42479
581153
378089
35630
258450
574602
310213
421325
145411
437852
297242
403750
408328
64738
438590
399664
438995
306988
554168
440500
551088
332210
51045
298170
553108
267704
104888
246831
28676
83593
19142
29345
414178
404114
256742
23957
170579
380474
420090
196295
414881
480685
148128
176273
495476
132760
193456
308264
577563
282590
311589
52020
99907
343310
8457
380938
486941
371015
538454
418512
188862
468722
59442
211027
484881
27646
73199
361054
119308
179311
550972
402499
24728
385969
209256
293946
114420
46612
131400
494498
445295
543684
193410
424229
269798
9509
347950
289813
28692
162503
524681
517029
242298
427992
378692
121349
348306
494579
345244
526013
16995
207184
44831
308911
235081
250744
115328
227103
339094
392650
477243
474827
229184
64974
243500
142016
322953
32787
152976
431865
289071
254347
446358
144243
508577
241790
567494
95320
414982
20487
45599
106219
97346
67952
255044
77550
94825
285013
364303
481885
362312
240225
226583
498381
530952
74704
162216
70421
71558
315824
233137
63140
280331
127920
263147
391321
340868
408008
321059
297581
284771
476501
213432
437862
538931
134328
96737
341047
284324
495852
356362
429712
1997
367275
265084
175288
444582
218041
470882
423091
490794
403556
34378
16040
568984
472211
395567
29616
525568
492882
13934
156768
40298
286386
47548
84653
549404
107661
115763
380714
437597
218242
107607
59789
129719
55076
316650
429693
576085
532912
169204
109351
34061
111318
265106
334658
540859
173056
313502
5820
186626
260917
80147
15029
304300
507276
561666
462315
179763
278977
516777
529475
30693
569401
209993
139426
75806
29680
183762
149648
491508
170752
174059
351154
182444
509154
257211
449108
286212
94005
361672
261281
548619
342394
137211
399185
444274
303879
442473
219984
164420
81383
259374
382413
381163
226579
116622
188411
94842
125188
112800
364742
311564
438989
314002
316970
308350
568555
223093
523445
39017
254104
260630
428029
244885
38435
523914
124174
221015
241868
127869
331959
148019
139839
412876
433968
518377
108627
382500
165012
189670
518255
422121
476276
423975
27755
179142
573360
460702
455290
203768
96154
156195
67255
416749
406709
317690
528231
150888
365511
333517
350789
315310
426518
429633
553793
417218
532842
475439
160085
163759
171430
233892
398863
313644
194634
46608
248204
44047
32667
75800
240405
553503
196065
188735
338342
482753
390366
21599
434377
571696
125684
340197
110707
48893
330088
250365
496506
488207
183004
356449
58210
547155
305526
260036
552149
228461
542751
277749
43625
547858
75308
1501
415794
123788
308078
424481
291599
193704
353402
183114
83561
120767
170352
306718
486328
152341
173109
45573
407053
360585
175739
267353
254003
241579
50552
518555
314377
461759
397132
281674
23981
244596
550569
168661
553420
126067
132298
547768
300979
384332
581539
223458
272405
189915
220183
435139
407030
216454
187855
64884
104099
417586
35438
186045
211317
240093
424445
423481
177829
158863
143559
422333
217787
566103
122983
465856
226461
447811
237942
461524
116741
530998
576727
220058
564316
189239
241461
507237
546140
33422
563295
564483
537910
126876
246154
197461
129726
101341
171601
138007
223996
539141
488454
382630
480470
156769
474964
547866
352091
319057
381729
70322
317861
518604
192247
305569
63370
281315
321234
482907
567430
252956
215534
38026
98983
247199
546562
510365
1332
360045
353384
566076
330315
250920
530216
287201
469512
555337
330229
266348
374520
215457
231941
503074
402710
89072
520005
284349
232160
139345
64816
82396
550452
251045
269590
465579
158757
461744
61711
162396
441379
353197
547131
466992
198997
132656
61507
51168
399250
327202
12016
63381
314899
206735
360397
242278
425100
492037
354930
62969
440000
543855
383039
196650
384553
399288
144831
237718
218357
19901
391810
516380
454524
393410
68159
148700
535342
526456
551533
327123
179950
242095
251768
224111
581031
441511
159374
162357
108964
157588
158445
234834
11624
501864
458953
405547
507937
38552
489343
348723
199956
332502
377188
48104
458374
436843
536428
397455
495018
27852
207808
447501
143874
415971
300929
305485
430684
488726
125586
447160
268385
418805
104051
56312
89221
293342
82935
313345
334675
495699
202080
392162
377231
370745
165945
353909
197853
560235
401847
415540
550422
27330
176896
277145
115680
485773
284594
431931
514426
247311
495487
80406
76150
501972
523638
271857
208145
388770
13900
60452
55317
421333
241530
119404
106051
350535
210279
122415
302458
117494
66524
20392
170162
275102
160524
261887
334222
208718
546226
225987
506837
468891
296201
85799
534776
489117
144519
455459
573113
571780
30983
355088
580732
255575
371758
6631
481521
572675
135618
476531
333605
377314
78861
256593
339757
146706
226011
282437
451101
393277
312486
132084
340368
195648
411792
274331
444651
10471
419550
517138
201607
498918
414659
442445
336335
577723
434221
381619
193540
366473
278858
393575
539376
107630
108769
149962
2782
274266
244005
291009
376084
162752
469392
321577
558849
90867
126345
104345
529193
261870
154342
60202
209185
56330
222351
29191
386589
441734
505492
358149
491943
123749
270275
438306
74000
486641
146091
28662
155083
456589
38321
343629
397309
120717
391825
416469
326938
447099
447150
580166
577072
478997
19737
337189
516843
151110
534771
255112
140252
324476
496300
489052
365358
422185
69646
534058
79671
352755
330734
413419
569596
491114
44463
487245
278414
547960
384167
250677
6182
503779
211508
517822
242940
509049
481723
291330
347438
397534
288055
20515
528261
314647
161733
190776
300147
171175
175991
538230
253264
130222
115823
426031
109409
416165
67527
433657
428067
576896
405574
135361
299212
503660
194194
357176
345822
425577
444043
389946
534917
97191
370157
192200
554381
160414
17602
460346
49756
314758
328106
475693
292572
136977
120235
375096
461885
518855
155687
521285
227802
412019
524676
28156
544926
325472
377716
390943
144552
479057
72600
284765
269502
148099
313768
365344
339151
454436
358756
426118
216415
225121
197163
625
363353
289107
233142
561412
505658
312454
181367
82293
375013
5178
162445
334911
123260
433545
279288
513497
413222
288399
344190
361431
250745
263043
303281
201073
41952
179397
349138
518548
404714
139567
193895
137925
104485
114741
242297
87720
378985
542081
445561
32639
449638
296833
181524
554067
172923
362346
318001
563578
552678
308919
83407
486171
560552
153047
7721
429025
120067
43220
135210
487516
566514
4754
561923
162711
59022
554286
415434
76101
105714
514950
105622
346445
276797
129800
140292
214369
437264
95482
558594
86530
506901
80747
568115
15618
467466
416300
15113
41397
52347
14271
169068
150196
136077
176098
489399
313963
315209
78410
385438
61624
490991
270354
427135
18888
483288
469840
455481
233627
305019
305135
496696
509098
384140
251849
493612
386633
35128
157108
32174
212263
88920
208946
406948
297844
196212
389811
292042
268737
379235
71526
472551
321810
345155
322971
272953
323252
135016
333738
206385
415325
117059
334441
134871
257034
238850
431943
61949
139428
124664
447645
510942
454577
157251
521943
486506
196916
425077
515427
167347
378305
145912
94676
429568
193785
79247
377011
290570
346511
218037
275761
168692
403134
536366
421105
187963
314725
379743
294267
114784
446517
28058
33359
562398
507180
553025
304031
453664
392972
509504
93014
7936
499693
23929
285115
445351
37662
345979
260595
516542
552962
7040
524763
90991
457537
472444
473746
490708
39864
540816
51774
131731
436056
573527
295560
191173
42024
188718
188987
105228
12959
278799
126392
232223
326113
581887
26292
100746
486372
397231
212403
148602
339253
42968
487589
503255
228965
272365
554310
26943
530059
389487
543560
82431
72
475245
577929
404283
145903
63261
255795
504277
257909
358624
352658
435686
505538
391258
419558
455117
120046
339674
213650
282062
485369
244487
143533
326583
210591
524905
22098
99218
571934
381127
141051
359595
253557
76245
118777
466635
501110
167479
161352
390864
67114
128395
435029
431818
118171
511146
118775
143792
424633
26427
63334
238071
575294
581223
419879
371186
431901
374976
495989
234957
376109
472610
305384
270431
33861
30238
423693
310181
232500
70733
526713
471771
259543
372343
463600
512146
357235
51550
414374
260637
52503
122572
37705
447485
213060
68748
15830
50101
189301
321006
182639
97201
119761
367111
393072
55493
539819
223314
131190
444928
190551
282793
194786
1739
91610
320370
291780
35767
136835
66491
559039
534855
156607
570755
492572
442450
426629
311075
506388
354842
151699
370224
370121
8443
380425
573922
214036
295896
236567
16362
361259
144250
552504
185957
526796
561809
212566
14008
471837
480116
171155
228678
256455
220527
348510
185588
415771
555457
110673
343066
530479
561761
346898
420627
380142
497005
465351
539226
101418
97643
377619
237390
209388
143158
541859
338474
229312
100159
517534
67463
411767
540059
316640
406056
118457
328036
330610
347953
211909
353723
248464
254130
338637
482667
179934
450117
527922
142718
351621
345429
174723
561591
38317
497162
18748
76882
489849
379722
228893
211340
29197
334140
568455
411557
295250
381093
350150
36361
129940
352426
334217
367907
155873
14872
487351
303744
116244
238184
418596
101959
293240
62805
201758
452813
271006
394089
542502
118927
491450
118728
29406
510395
122266
431450
371243
118463
32367
412551
164105
105448
510333
374018
264316
158924
159504
181847
275868
284686
87348
318384
193390
271138
285965
302242
464261
246530
468237
499082
66299
512421
550448
117897
378764
43724
219897
63900
404530
553081
145738
106769
42799
7838
140278
323720
12597
227042
80481
321494
290881
108920
386436
411778
336494
202500
206398
390017
67623
316429
472827
491225
90317
264962
99186
230212
26105
60513
81128
495728
406676
280260
295932
354525
248193
259346
406666
286544
169360
181757
69572
429227
145369
83477
262477
499138
169226
304147
122825
368460
26072
100404
215693
71027
17073
250577
250241
514417
65008
579461
89027
403680
285258
6712
444804
143192
92176
245304
60117
147615
9409
542674
415659
48546
187559
443883
125322
291572
309916
145078
259526
211116
461517
29914
159427
88225
299372
462553
536233
130517
20147
267225
495734
16673
314189
441203
297204
147960
57550
98549
117869
357041
492407
410400
296318
401616
391700
550001
465156
219303
235221
525990
489070
16499
174337
428498
552383
11682
264128
32082
568060
158999
373480
12916
264381
240490
21772
395311
262171
94323
328421
285493
181065
193050
548565
18022
233141
532589
521948
29852
286792
576871
384836
347224
550144
288115
178978
455741
196430
528130
378654
310391
241407
20470
45339
549629
388293
421995
245603
354726
430885
344726
197806
316181
567837
369367
423723
383562
479288
143522
3849
255482
207935
458401
336607
12497
379784
88652
23995
454554
150779
187462
181481
345988
42144
128943
113185
237282
279605
345973
316746
34
312072
473095
363252
556840
519347
111799
538090
150473
509949
552188
75614
467137
386602
147539
220368
209969
385130
446614
525695
326011
366316
244299
563195
506599
458728
427990
95360
310853
563292
146659
321517
413242
186413
9214
26517
455601
283432
192636
391519
323804
397109
450245
153105
441854
11297
110490
259886
281782
380163
158922
208657
395498
345711
257847
493474
245895
581667
151135
365340
131043
126659
409182
47614
388721
288379
284934
322887
133086
319105
423624
148299
336672
52938
337547
283187
384230
501835
36925
88332
254082
272997
156499
320403
3737
339576
235063
426912
9474
529056
194529
525559
345406
396684
35126
517032
447549
405057
396204
87743
483362
380733
118478
554892
104421
217874
533396
81065
203166
556901
349352
483767
408965
301467
139789
517322
479387
353302
435795
20308
372150
243847
84851
324400
424289
424370
494959
344618
421155
72583
402362
249046
510757
116295
64016
271034
253148
17171
562879
248391
229419
300157
345294
44524
491274
200489
188873
328216
180418
489554
441652
26538
298269
464134
91869
103272
265742
234643
139538
475796
208984
358684
157806
44642
111590
34702
462404
336350
163002
266207
100583
253109
516581
534034
10539
131895
553827
157067
26670
108707
572017
429844
192905
272188
431569
483089
219841
69054
555771
467112
224910
249347
285681
199484
181207
193044
357493
529806
566321
28957
234203
514200
331097
75118
61830
465554
10241
379104
22729
112085
314907
574668
442911
100063
176078
426026
405021
82375
227464
160596
278043
281301
441440
118260
57796
149376
407972
415340
10831
203108
98242
301605
556088
496531
506500
441574
334713
436464
261155
541643
258035
10627
28392
490294
64116
295150
156436
302164
364868
243472
480026
412406
214569
540348
319676
149268
30054
36823
316466
101011
57115
452706
128461
561014
316852
153965
426275
513900
548766
421307
314879
74798
275409
64626
509406
264499
427366
470145
431521
158466
366802
484042
302243
457184
164502
379155
274409
101270
139660
120370
362328
527337
149871
549650
548592
414228
531585
50464
353522
303232
142153
186342
212842
101180
23630
165232
273352
233882
224802
325115
476104
453140
512438
304008
250893
52886
231773
528931
75898
481365
22218
49075
268938
243028
207549
214489
507935
268848
397958
372246
193560
488135
1448
564515
320445
457348
547938
133467
133654
274240
142229
453442
572251
399045
131107
216571
480075
311428
240836
190929
177064
533512
519744
556647
93219
221684
269634
161586
349896
526441
221985
349134
352675
354553
482064
305954
348734
400046
355968
457434
690
259665
305693
433136
21088
504378
264838
510220
420548
405544
187729
294877
268231
330356
127353
99597
544561
428858
9935
397010
18743
373548
290896
8603
538779
9145
382954
90196
97250
36783
319866
504488
323077
348982
432055
55296
456486
442952
409681
185240
238511
91136
387056
12166
300192
189868
481042
95494
285826
431825
463966
59293
67236
409206
284498
200132
265167
162491
378561
159656
454232
127911
552156
493862
180953
514541
83288
485547
423231
103819
197330
487144
7685
548174
140733
260823
414068
471529
336777
38791
539397
329908
239980
138446
58930
335125
404297
40498
287994
62351
480223
177755
94608
331907
477724
538435
547106
208371
511121
477828
320943
53016
304044
527816
123244
478406
83725
182736
27108
423731
343922
344897
283377
467027
72978
7522
495079
29252
58344
525612
421810
231362
267022
178239
420852
403351
395552
520456
499447
516795
455832
286202
287049
251663
527618
489114
322762
217584
341296
256859
579206
151351
332585
86467
471278
223450
159742
119283
484749
34810
91784
398535
445179
575918
470423
219632
574785
4377
151655
325389
409512
275817
503600
379944
53229
122300
161161
330298
578255
37325
448105
344284
143129
518122
403820
417334
390534
133152
87756
365231
347312
576709
106508
234942
53907
221202
312843
505792
115069
179930
323258
406988
534026
95063
7954
364125
146742
514685
347460
125729
465853
538291
497194
109942
363160
388434
481847
546980
81107
251283
488689
354179
329118
121920
23919
534412
18530
143457
277852
396572
243027
424544
221916
264336
449315
161022
93287
196131
138656
509815
25804
389378
132470
350959
384635
465603
39395
522478
486203
224364
404801
71911
18736
26165
569062
413043
232761
243328
477085
92869
239502
415611
186480
305235
206550
390147
452774
364280
381832
382681
420530
280473
354205
70923
16827
178492
93994
311284
29751
540476
256577
65860
459263
454887
170048
458208
511393
570788
253251
574579
131965
345149
134309
364680
36718
85005
473767
524291
259253
461687
572028
532159
279920
287842
550906
356358
60400
459487
546193
184531
392144
237459
409291
125098
401982
382770
99922
500465
114617
224336
103008
48738
573761
87483
388712
32562
413757
352751
313990
314408
226498
152418
238459
137300
75309
426947
75881
375449
409979
449084
269504
37999
265831
136503
503887
114025
514111
451859
350262
8138
331229
41458
185305
85031
302241
344174
576684
337133
85945
206362
371973
47387
269232
197507
446688
486413
162252
167901
536112
163761
342800
62875
266680
455557
257
309169
166762
42931
429369
222726
515728
483771
337962
279984
524047
564264
99165
528903
345063
80982
467469
466579
440269
418069
432008
441873
135845
167811
262450
195286
71629
415714
532155
153279
311913
219216
98416
73414
54850
245132
235479
4404
534954
106028
115522
308405
463424
485106
439356
224554
420167
225175
360698
99928
420598
722
274422
220224
76213
5947
76460
506821
537343
141923
437100
92558
59921
480074
220912
303438
382607
532387
571823
321238
524575
54936
531617
79680
437302
380482
164568
48118
89895
462341
413172
479315
37175
94231
113360
32252
237394
517793
77187
513214
166657
539934
231835
347529
9836
23162
416976
217515
40037
561407
104696
111660
298649
479805
213412
428550
70727
168114
516974
423860
214419
365573
553849
552368
231078
564450
113313
160941
181934
349580
506078
24788
266451
37552
398525
117736
91849
186508
49994
367952
479809
135316
309434
413684
41785
60415
154083
386695
370562
526840
150360
546147
340781
535804
49725
345288
26748
208333
499360
474832
233848
372412
429361
530919
55085
546002
564796
563645
137579
574152
407423
556524
1282
290969
205086
285000
463039
6068
101234
368840
46761
298162
48947
370363
329562
336862
77792
97363
307932
479591
87027
261665
351903
248771
178009
469504
25990
449119
486062
139168
527879
56283
209400
336873
345831
432994
434072
511363
20245
399957
242079
353610
308436
528006
550435
19002
471439
188945
485268
520674
517341
48339
234572
137730
31390
261118
201903
174522
244206
357510
400926
21202
174229
271964
141809
543215
342715
203615
98679
415153
61899
56042
198269
404585
524331
337269
471421
478670
567444
271185
446512
425187
569294
13471
495247
540784
430804
15811
477982
534353
257983
371091
198645
236048
51946
112410
260576
301875
360246
21613
171637
579982
449392
440998
89745
526341
61207
510910
266816
158754
539283
15276
67726
226976
462604
66839
397186
283945
316123
174412
331746
136015
369296
571541
346274
12460
50578
521877
578056
241534
194621
7232
139675
378066
469995
440894
104796
542510
292799
291980
173445
183253
13662
417242
498438
384476
87680
155912
208220
396380
577413
572889
541532
321328
498969
198537
494211
478809
402855
188522
447733
341186
30109
239214
251868
403919
397842
109738
264940
563311
90683
517123
366204
368154
394126
302168
520036
281262
173584
130074
148114
186747
396762
515505
558101
96161
119798
229733
509460
504902
417198
348782
358799
225574
25989
200241
532437
157168
189757
17604
168716
108865
431846
224114
143756
577455
123867
136070
159315
323418
445528
363171
145135
288137
113128
120940
518365
543713
271741
12464
471562
202931
1111
217103
221560
298893
566598
313134
141257
398523
449701
540656
215280
431322
64105
113638
256334
164850
390610
466856
75866
261777
483469
455523
554654
336579
505976
404972
569750
160535
145288
23951
315226
100207
469898
230971
336771
551595
219099
531814
425669
134946
281562
158614
423855
459942
541702
282066
338067
490695
273204
45840
310868
28462
202067
106140
167330
78336
37457
295433
430346
462429
186737
200274
270906
127550
196344
429321
550391
368014
555307
527054
32390
373119
230559
210098
520204
253716
195812
526419
476624
105784
507615
436031
514356
443834
530285
430369
302687
308143
52168
187680
49551
185826
429819
575222
232842
438619
391839
399476
85084
143946
67115
105472
265544
34141
58660
538828
211451
33251
224548
296730
73951
118615
244636
279071
488043
301851
505546
244213
196912
299972
325696
515367
34126
77855
577029
479929
249611
221889
380859
533625
123099
490275
377598
572825
27883
352735
382171
201042
148188
76912
62225
10496
149253
543517
43720
112252
164241
219606
95778
19754
139754
184786
245771
101752
48917
78681
229247
238603
277055
44668
55432
482062
165211
393710
223342
108463
211935
456037
513918
256637
414853
570945
80328
15823
509365
82709
449195
392607
193629
413709
94978
139409
365469
172727
52322
410265
84447
144492
23954
487471
304518
155035
122457
278486
202275
248045
85383
161079
571792
344730
223119
473060
571498
179122
314493
24036
61259
296781
340109
348573
347179
24938
148309
141331
239139
84825
3242
15518
140729
136584
556326
555405
457948
202531
1453
5785
394208
172913
239053
148772
569697
40008
68114
288592
372428
122306
342703
320374
539746
185127
581393
422807
474347
168010
298004
407751
143054
441906
529887
417217
245271
465735
100661
19642
421139
65144
57523
147442
572879
187540
310029
270379
401235
577481
1840
212382
371217
258356
470766
157434
414314
295359
140826
296110
107918
516732
543683
23033
97661
167680
487401
238258
102275
42288
540135
322249
127072
224970
207811
277403
129032
84495
128034
30429
395850
473182
77136
513072
141855
432370
76249
408368
437774
469721
148860
158567
567315
359949
57429
191675
114937
125063
458610
544752
525619
53733
170850
201083
239559
349607
109060
996
345372
38030
579885
248809
309031
50926
83049
75216
228808
409155
446565
282006
671
369580
155543
264420
120986
277524
172426
71137
176372
251717
245440
575303
469199
362263
96931
271148
180505
49979
199257
6819
536776
578958
150636
413001
116526
181601
426094
150819
501851
6599
264909
161470
407443
557860
209066
535322
292358
363885
48201
49554
528060
458177
225738
120224
541961
553077
439911
432421
168409
125693
531431
162650
440529
227372
542936
362713
568873
540180
444765
63365
781
446113
419560
579629
210228
11324
561426
294908
416652
45496
126489
200195
472101
130292
558596
191533
68894
513440
105432
216695
198205
375611
193114
69971
401163
444670
523959
53458
423037
235914
526800
542511
289754
444134
472054
482485
334046
277243
399893
278760
60988
47692
63587
428518
563155
424422
393294
165046
448251
540099
238377
416103
529360
74103
3623
226345
407400
27734
579859
318471
549506
92631
276151
85018
193677
284354
522722
301380
571955
528184
300445
101702
448780
116095
522032
1216
119495
166761
293296
81622
304063
561714
178168
322392
337602
530543
449872
519308
348850
217496
88005
18385
400706
320947
471020
81561
489900
572069
9763
486630
547738
507157
233500
544301
567294
167856
223481
99177
238087
159832
535089
571920
436808
564031
90626
411295
106165
18687
99592
98721
161762
158913
226128
250849
108541
390447
511763
69911
329263
119132
53712
174747
502456
501116
412612
438858
480950
274745
69424
145915
330878
150698
385265
338878
306848
151678
564232
440153
154507
127298
376128
318171
50782
458467
161973
18441
498657
379754
3481
379567
114815
379378
127330
132499
164493
56267
138316
391426
428033
541274
421677
220457
520812
274655
184583
202010
376136
95999
449778
393826
135849
87581
236505
401820
470915
259044
134562
148353
11334
285160
452821
48181
98981
494179
139163
334480
156398
560272
261789
67490
236920
411379
6541
5500
98210
198953
47101
38286
27593
123282
331772
252134
114398
239448
550477
539448
323008
175347
465887
82281
561097
323695
423336
90994
330432
85122
154502
268334
115088
181571
76866
43383
313926
76844
336939
345826
4688
58624
195837
505440
161539
379156
331126
527935
18750
206741
286920
235862
152857
153921
159196
108896
134597
246982
460559
121929
208954
111435
403525
245049
210439
357386
21061
391150
143305
441407
126612
539908
335703
288599
474067
476631
144897
222926
143359
86329
524909
51685
357413
426427
65258
71024
413297
335405
156534
487930
523418
241026
348474
255791
234343
16314
226059
416843
25401
139564
234734
148911
548273
536402
491795
561442
125193
162102
509551
277329
462579
91236
270326
562393
187111
40485
511485
483199
212757
41588
123070
232524
401370
501122
75493
181953
256470
241820
305762
354921
57545
261918
579524
260050
90387
213242
181920
104142
393423
383464
297277
441695
388322
262940
338197
81224
199849
10248
265344
417376
122421
389048
205916
501339
479899
233104
516889
150283
360302
81296
469806
540735
342770
202807
578060
67807
357733
537301
51461
553201
89734
449669
97790
13150
471073
516633
226258
365487
338383
512757
3528
130886
239181
374368
24319
565939
390760
371179
317807
445038
115643
94704
466839
281180
533896
348316
160025
44977
65582
49
378632
372258
422406
359207
168533
80401
183007
38196
454219
363879
369499
573873
43347
478982
465468
325741
43016
487462
142660
28853
309836
328163
211722
523137
567713
28607
264723
524273
18373
151833
562222
156396
8119
332821
251932
216221
150576
203239
434668
442326
69426
283168
298644
558759
53725
16704
114235
73510
443607
233327
410096
54245
337185
457888
432748
376085
152436
38801
229155
319126
131826
449359
285093
504893
85666
122239
567421
364757
325152
354291
50535
291755
294160
488151
112517
310015
158198
152176
557886
279596
560350
44491
522034
472953
64629
110308
558516
321424
487645
469937
203312
527553
271266
292973
192816
53330
4338
335033
120872
233558
235981
211683
97104
298658
306109
48558
260716
13671
42418
105200
575691
35894
360346
250136
143758
217068
452693
34961
28494
293880
134042
121559
526008
347811
114246
472732
10386
213951
194191
453289
13944
495445
149381
206560
166868
284551
402915
500420
164168
199719
396519
388744
297678
225829
130773
404607
134829
458042
520942
12178
68821
2211
278550
250226
154686
161818
449793
538372
532994
491482
392624
358608
408894
131742
431393
450381
561433
459898
39406
416948
16210
241248
347666
428587
530645
236349
103261
507739
312154
511103
290412
84890
474930
184731
464240
169902
138456
328661
69373
191120
409078
537772
394303
484875
268838
57286
427120
108243
141664
180853
227547
455010
249656
208730
119535
220739
233935
202373
558171
317120
504999
30535
333355
391200
519046
567118
414260
123013
82486
563858
358685
441231
30722
398220
449082
565459
434262
277999
576685
213399
150137
393762
126080
115106
205114
303892
117121
549754
417416
280123
452027
87958
183405
425324
365536
264235
455952
149996
52974
375788
436979
471483
65072
554439
561901
102532
488146
563050
343954
171499
324340
395263
580704
529671
5085
405191
443524
179758
272955
274894
319346
223447
114718
217645
484302
224197
471056
301765
578707
306339
475074
556903
379115
514888
224595
65632
331074
281649
442688
295765
188552
223468
410052
192171
276128
22894
174712
487467
264388
262013
566439
220511
157696
48268
466531
21338
247050
518638
466623
500139
498562
382115
210570
42472
202438
196021
532059
367695
546890
555495
373148
371791
511200
209722
129890
491989
32703
188832
508881
359751
221246
190157
358744
561100
41630
303126
295020
49255
81317
78354
454314
448504
383324
568562
553600
502593
24193
368439
194188
152789
515565
573778
114728
40557
442585
465618
437355
417070
20013
307531
138201
7823
491397
75740
498903
310706
35722
488567
90393
84567
839
398713
311011
245817
259814
271580
151324
10822
349892
280271
149842
207992
574144
16716
189951
183022
118104
279176
372634
572152
254078
244184
496214
179454
197705
279806
113852
303197
294958
68797
199572
327388
151741
383018
352761
519361
444166
564493
70178
287907
265353
547044
208913
406866
113787
376177
175664
268681
139561
422215
283530
349676
274957
193122
419453
478215
447983
188612
516733
255176
77533
54614
94714
466790
152388
262454
9603
350416
27272
11877
83915
15846
281789
94865
105252
280409
233859
179584
152483
272421
138347
558992
291687
541619
157891
102815
456483
338969
100084
114464
569253
499903
7558
9759
122589
461301
221055
402027
522818
501054
303314
524029
231119
98098
289915
472424
428605
235296
352288
207065
116872
550445
541746
538343
480588
127810
187334
284649
180335
233164
403432
283910
285893
169845
72861
5723
319427
35843
164497
430522
371453
120850
181237
367423
192714
440970
423479
453273
33765
253143
372112
160443
243745
151250
548159
430473
67837
369849
131388
214241
316155
31993
365817
355860
94674
487718
298372
75359
92942
168805
576513
239382
244387
311250
187611
289716
70528
369997
267417
121461
309
457726
194108
524253
380049
401877
573355
215162
66660
406514
224777
509587
243016
495881
294199
458481
348019
422689
137577
524638
437118
267454
265766
16253
498733
59039
149429
3480
124970
118911
255904
381808
145896
119594
113634
469096
322220
459668
269051
453566
573885
546295
453475
531369
535139
66263
280132
311220
124732
47172
72187
247525
184204
525633
52011
267531
224928
394182
257351
183268
48163
339536
234057
379781
60278
327218
202881
160276
315487
370369
22309
169054
215795
38256
452746
513496
349433
529532
320893
325371
342403
212330
320877
450370
257833
346964
224375
249259
166021
141873
420926
410585
99443
445775
319260
75190
35887
100581
539830
85145
472755
571553
42947
375219
452953
14027
36639
540614
126054
279136
183394
334779
429613
154924
364567
237496
377059
56605
306229
78075
231542
153655
219978
7205
254304
6721
403374
380821
460880
449574
429644
571737
203382
487551
129971
60720
162855
155823
105256
8311
423187
66539
183450
268371
434526
497875
517087
521132
198972
335861
550315
62657
475238
296703
134837
417384
580142
34574
422289
490830
419645
553407
514299
529353
349907
479712
332012
202880
116174
47599
196931
124230
72126
186556
64283
97744
405906
446832
72770
459793
16497
301191
311109
159213
81363
485300
473929
289242
547391
396550
291402
213694
59551
337314
285460
527196
528276
167910
81117
279034
355347
162539
287360
226071
128942
445368
183338
230428
95001
283982
429898
318180
527248
186009
184613
245780
57340
326083
195266
255524
195942
153008
518575
326311
72453
177255
41293
224118
219442
71724
489267
425412
310560
44580
158307
175756
412004
535891
343704
504143
13938
71004
517246
365032
576987
32906
240199
522569
556683
430739
544005
552589
321215
567503
535056
110597
579739
272162
125699
181894
272857
89882
311669
28260
481838
65057
336061
369304
157220
165203
530202
435473
515727
424658
438805
296876
263793
343951
253307
280191
374337
162578
64497
203667
444866
89288
89044
285717
33891
79407
478614
205595
414082
427642
294373
151347
509423
119779
512023
271231
350138
107481
145312
338826
495832
171142
2279
470370
207509
166086
459185
140627
319990
295585
261178
10108
151534
507668
72714
165298
4624
352243
54696
287099
370151
166702
286149
518390
304929
560481
421334
541880
38479
266633
282176
298956
267174
27012
553034
41854
373184
214899
460863
4308
47589
293674
359184
508815
388374
353133
542042
350073
237247
340646
82611
426403
488514
234665
509826
545310
276575
525513
485202
65198
504540
580029
6380
519985
429462
26685
230833
567652
355902
575584
227198
28110
356718
27105
145994
453641
458914
389054
107939
225133
398174
40606
32700
308459
465647
447934
230837
266689
152108
261742
50352
220284
23793
509270
572008
476324
382256
452841
177530
186868
489971
236677
344397
438091
159585
278489
506723
372548
292823
311637
61052
138148
520433
381842
87633
156410
131858
52563
406977
414108
374486
228727
516458
569865
443334
82275
580381
279816
127406
389810
70156
152586
21528
525580
116040
143453
532673
165157
52288
400336
560440
538982
141139
134236
379869
471578
11347
553393
119146
334104
467589
360725
540465
492658
13249
304036
173538
247977
151125
283916
476140
377914
135714
472942
110447
547807
373905
10936
32587
77924
320234
92192
257887
294421
564705
477759
502006
73387
44425
251736
305626
12933
65025
127104
4245
318813
397353
138477
428595
61503
7778
155951
161873
523374
149053
242257
211201
42166
186245
366089
266289
495348
487573
88360
305779
533464
47451
374564
526168
195159
552016
169648
34662
257791
547460
415376
209382
36533
560511
67634
21175
219327
341620
486821
429560
93771
332869
519181
273156
49187
315324
483677
263014
235840
310240
130252
474402
3860
373419
376479
28881
343231
382839
279237
553271
524723
460222
411815
243212
574236
389563
397760
263377
120939
64015
411620
126018
139007
177394
371395
87697
204572
66485
265433
479331
87783
425062
328651
145019
145264
58651
457161
79397
15954
192479
421361
546933
472502
15596
323668
19085
445517
189983
257013
332411
452638
441156
262691
248952
283849
335106
412501
501329
25453
548183
138810
496309
134590
224874
385695
199169
217649
493773
167510
369703
578819
62427
208071
285647
207003
260465
332556
238392
309571
1029
447242
490461
409841
464322
515785
443179
520448
519374
58741
60953
205781
100098
489382
322143
560723
418929
137583
542307
55447
278706
465893
152470
406601
372727
460858
571978
227216
305959
395606
329008
492711
431146
574343
237111
487770
444418
20947
27658
116255
42929
391325
111117
87677
119678
67854
86818
203616
220673
469075
18040
391033
451960
221505
202777
81602
446481
205181
345136
362333
103579
265503
246425
350363
74390
383084
433892
315795
467092
93795
341227
145479
827
569957
445192
513861
352587
70258
470073
419069
5694
385588
385085
478376
228074
342030
269975
575173
229138
490857
432170
362793
567065
126096
153462
329895
524502
492170
388248
401804
170428
310502
76187
278082
316723
17226
359838
487222
193617
40870
413776
319605
470473
114352
200611
557660
24990
296651
399400
517007
467522
330139
14630
38365
421103
289855
571174
52498
340503
116289
326913
486240
57050
86620
541231
203177
104841
234577
18864
159072
299443
233245
206384
330054
395495
160855
407990
493641
334751
493812
466827
551357
218189
94293
292302
322500
468383
254129
577787
62231
349271
185360
182874
237861
137452
19184
10219
494911
420914
107585
190199
449463
132531
297244
354368
517890
250808
541964
478473
499396
119665
407826
314376
504873
532338
578776
487612
318533
196049
122118
167964
268882
253221
416510
353588
181042
420021
105385
356107
27701
223459
501237
368448
255239
358118
378071
282782
34909
295804
348451
35110
434951
388391
472462
276671
490615
449373
120490
375812
315037
65051
229981
256082
343413
228415
298913
214972
37339
366984
309135
567077
572025
148024
387833
33721
105168
486541
221438
348175
532989
143825
303177
152525
90675
198881
322795
131882
453932
330572
368667
567850
399939
385146
123599
373821
517405
484059
472455
103040
391560
65456
495609
224285
563574
390546
533755
514191
364439
224483
540636
479469
463665
435334
230070
8829
263412
561578
229456
547783
156885
529261
339549
140008
303376
124297
296528
480225
496855
80445
110574
343048
453334
229893
219921
423114
394713
539563
46112
456602
418506
233841
130914
223988
332852
67768
130093
472788
530509
306456
98543
244847
288002
565401
61575
436002
124390
443450
436280
428477
240802
337156
447711
510730
285992
422268
483742
222893
242342
557517
327664
529411
371958
392555
329276
536444
521175
237004
302886
25430
296108
24351
344439
120038
306914
231840
345329
205332
557461
513299
433198
112295
234615
29724
492506
234518
476520
52686
412687
538699
453529
540746
156458
473042
562171
440771
536626
494568
424300
378214
293931
56736
461628
323019
405620
494583
115796
341573
77902
148077
274139
575971
29509
157920
316806
232127
57992
388777
66858
92731
542312
53806
243564
468933
388577
538912
167758
213534
559267
351352
154689
565235
346107
439930
187574
249371
341143
37513
577355
124509
331307
255402
543635
79546
134459
523230
72902
425465
204674
290578
470801
347925
287331
504524
376321
499874
205520
405934
401434
96809
224695
143653
377159
260951
557263
292620
129794
103692
452922
397502
393743
257807
405840
280157
536198
43580
157559
200217
324816
6180
278565
394325
99751
528284
425158
352552
205234
19447
304060
17147
300307
118598
389036
59735
517443
43919
414008
219820
181035
87977
336464
458275
151915
211552
46564
21919
481171
366257
419854
553561
186179
377213
66800
127587
336192
88048
391018
152110
539678
542304
468100
172265
116336
431817
518898
409909
342075
491272
434066
131612
460623
129715
200280
162226
446108
22224
456919
251210
504414
547863
326511
547082
353186
51680
90479
262541
570001
231222
580003
520808
325786
422253
17174
30470
184709
510914
577251
469650
319541
257498
338064
90106
26970
227358
396775
472907
193787
195579
268643
210899
335323
377576
201623
75132
187929
337653
468182
548768
91708
160746
9039
317015
114077
231381
406732
518645
39520
506540
457943
542231
126433
475493
346275
203635
378583
10495
97754
513758
384389
570207
30646
266069
93405
161144
172162
310344
507547
191661
553447
72342
227691
340375
66652
44953
462770
305100
226291
528020
420446
18523
39884
311583
480344
410356
256095
72910
249807
468605
320643
302498
457275
128203
197278
166903
501004
99892
134255
128278
152702
567253
412198
366812
303127
215300
332562
322
375128
416869
418219
440786
298058
322670
312886
461510
467475
237643
539413
212584
346093
559773
486605
552507
393127
375455
519489
6764
563396
490256
307936
470032
317672
426674
569437
111448
493682
575496
577421
400593
195721
186171
125655
299533
309817
273684
560268
377778
124266
483573
255093
356810
135965
67470
74461
527022
234378
194551
122694
381334
439402
185550
43947
96845
518363
455704
353086
67742
487064
290498
517823
105246
491151
533158
451559
329387
426758
294900
548905
252300
552685
39978
44603
132307
214255
286247
441840
231966
524611
56485
360630
362079
317790
41867
579713
253285
222857
378611
17873
359840
555639
51844
513200
110759
153973
192192
541570
515668
429691
461868
231178
501578
298141
286794
490232
358396
200678
480012
446075
387529
284351
470243
160820
524186
58281
341639
510521
365677
383651
208521
26762
256447
326472
423107
438973
183757
82779
449896
316041
412453
539984
481891
550878
364677
486123
188062
318645
343696
542173
428585
562712
172669
70261
427612
136587
254008
85019
140044
547760
305499
123229
216036
108470
217091
246267
125116
192788
90056
555722
69946
171613
316275
306421
354242
39390
311709
288014
187557
263883
168377
303610
391657
256565
116204
31446
462785
441777
361842
66348
117328
163717
134870
372247
297451
129914
527526
237735
230933
143439
393497
347793
24264
531987
258315
295426
208857
348550
467959
422953
118852
133369
343905
431799
204423
242570
243401
242120
522233
5146
276290
387546
181846
154815
276254
450845
569767
253607
431785
46882
141517
194416
141053
275723
378146
333371
498265
66239
61822
377105
494678
183015
56768
390175
32356
16706
113325
280480
479690
392717
281634
185716
140539
572807
558071
105537
2985
226936
522820
241064
87327
274631
148358
514722
310006
353358
426855
371836
96192
563964
46173
306879
33683
517362
94268
60262
395673
206899
160200
492606
160229
47898
521472
278222
206416
193105
264886
91508
65986
108982
429015
216569
173680
462105
249306
532102
388464
443006
312582
254555
26767
116291
262980
139568
318388
445972
77563
508151
539247
566642
457558
359984
542000
97614
25516
572533
297154
483587
5599
333267
545191
576088
314051
212089
358079
153717
2342
179187
157209
239762
263989
295295
360665
187901
456399
284749
252919
574549
282830
356344
472662
53142
420710
449095
164222
332646
468846
206473
263246
3321
214699
120601
285068
133928
261273
61684
176617
7592
504850
438075
82565
234883
39196
113095
62195
3264
4608
345531
236198
347555
520435
186124
168488
353321
164663
182179
451501
353711
209733
369961
435460
489744
451102
534983
66255
146560
338850
64059
66182
462505
447113
288378
236882
268921
478093
288223
532947
119669
162250
460099
240173
345937
77981
226629
157815
404854
18029
205512
271198
235532
453104
175180
457249
47621
267205
489890
11364
522438
283589
100811
447830
543552
433631
134657
378183
112614
272758
243895
290899
88210
132515
513778
494112
52368
81787
309100
322654
43605
476936
311596
575199
24499
388812
264476
523306
17613
150365
529647
462065
226247
212643
283181
93384
267343
560587
44003
15595
302071
536656
478055
33645
494473
541556
56983
374100
439678
499460
393523
171082
3488
193046
457460
553498
542640
216790
416643
568132
59218
477052
502616
342921
320616
435783
259616
166967
496118
290511
248836
531146
115144
151077
464372
327262
201460
449004
118741
192259
153042
103539
465324
219228
135420
134008
437970
234138
311641
418868
490890
443391
561524
321308
399378
534127
138192
251347
308422
550761
273174
273337
132861
536540
425815
523617
521071
12875
156606
60093
362503
491733
289510
27237
552406
31451
225032
378918
418297
292789
250380
380101
231958
340103
422473
552617
103232
25
438301
47116
310419
250303
216618
186441
436078
488788
153980
540384
93864
276325
510122
462755
303409
392648
434986
58481
573329
499789
431
440107
22257
350414
194518
277677
141827
224845
20414
156126
197226
473673
525077
559657
39958
387216
41433
288579
10400
239243
503144
396354
534141
436797
524375
321683
182624
223526
134606
53842
27504
153031
557855
330079
49913
498511
290957
412855
568087
5418
128932
162358
81611
485163
542988
333808
397668
345535
85339
510756
182349
437609
49434
419048
309491
5758
44670
534578
215149
372022
252581
527829
272544
574957
221915
334585
515465
209383
410743
221477
5612
119423
168178
2563
129977
501047
565572
322091
266991
572401
46405
504259
237715
200796
568265
531725
121867
337687
428412
242906
416684
143174
90925
359110
358817
331816
511694
369509
471762
486803
434494
378030
456863
429949
43610
179964
403535
13325
275995
293792
265513
180767
526035
511138
362062
111553
259041
212187
548979
277926
266093
78750
198977
353662
552575
542506
367998
285751
132328
82388
524144
87458
472872
243846
222958
293741
125590
518605
469834
181256
519845
288421
81461
554597
458212
311784
34645
149338
468318
292271
220097
303010
290400
323672
431516
121340
450055
449066
74126
359189
436318
108380
388011
438200
407509
528761
143499
497821
186740
256061
458572
268897
99474
554783
155165
568654
392115
549939
557955
112289
96016
492647
472108
419116
146986
568448
81406
448779
572477
120518
487414
142047
168185
564938
354075
258288
344637
195860
370824
498421
237566
183939
556758
405104
492705
435575
55118
153589
542969
210816
368676
404066
242036
370914
18952
536318
119529
142333
442901
94630
65161
207875
48282
95441
497042
406954
493742
165106
46634
432288
498666
526401
12407
282871
349958
579484
543026
551650
392404
28069
457659
149027
181128
270938
427096
216250
189378
425292
547280
227847
336919
123664
312306
528165
264642
134912
251311
545278
89877
19647
504499
459166
148403
487422
300326
301870
312446
321418
524431
577949
2687
502288
260336
551074
383033
572615
459347
191149
191919
527644
252736
563798
508218
383987
335009
179505
244231
377115
127924
149263
33499
484614
242969
517807
67975
274881
236182
202298
392358
28257
488410
211852
39068
330708
208621
403064
454018
75256
452938
89602
289293
195132
333894
311953
292421
336147
446861
361920
119750
307583
125182
195343
530407
148568
216663
171053
455506
515531
322349
370768
438620
18418
84131
493438
275581
201488
58157
275075
219410
539716
57350
336159
263346
40796
206247
112897
224926
15544
364340
47638
40204
473942
226018
14290
315191
523718
327055
453626
142622
377254
20261
545959
348206
282987
287535
576153
544260
147276
440819
99984
192114
322807
295683
482314
413950
401044
2822
132686
573388
324821
581233
301527
311619
58640
449302
92060
201417
278394
25858
357774
23677
384122
764
155040
116423
310317
73244
80208
399282
177550
201004
327970
30307
475275
488480
350987
234395
431738
554255
399177
520683
466460
300624
252582
427142
449043
505040
18702
285355
67904
332543
557360
528807
487340
535766
279117
505965
246915
546020
300981
314607
270502
89905
321497
355193
459563
369618
496907
505113
273304
365831
454570
266274
293308
1083
97334
15565
511506
244520
429540
102202
181515
381390
320434
338736
197280
137842
546655
281103
284333
192345
430495
200404
502816
426948
11158
145727
61559
526782
198935
296865
183617
42345
421131
288076
160529
40072
566470
257711
333198
369250
272080
61395
339468
542960
211529
79619
34231
484418
397008
577351
400062
220932
436303
271772
542257
425398
243783
456827
39555
402809
132935
581021
427069
207026
77517
558274
142287
184443
501346
254411
35156
108528
147698
254567
432038
451835
361212
494144
318741
366086
555724
293749
108240
53064
85151
263359
504284
504811
55922
540483
180442
519433
155047
319938
384157
127074
472814
507122
451153
522928
522755
209275
62151
277383
287187
429260
219094
240602
59525
211613
49115
518140
246878
107782
189765
50117
535994
151094
566478
83801
438439
277918
541264
343815
147404
242529
494749
224278
211703
260094
166798
56028
231060
429580
419859
472841
30681
402248
580825
159440
553184
63414
100468
456350
81447
550103
62397
143744
477866
469824
89949
356863
570463
233672
219760
384465
531684
209544
461002
134320
87286
180021
200749
499940
499007
412613
91301
297258
272727
125535
334542
352191
52145
489372
312890
503385
239888
325294
472913
16531
243214
548331
48162
75076
341272
348058
298788
562582
16119
540110
561199
189706
329001
420702
190381
185621
120674
422211
572592
512468
481711
485843
568308
360262
457453
563849
316093
46545
232076
258837
551594
71322
455751
61943
214280
229188
41079
211618
410236
481422
22223
97099
32364
303320
165574
127499
416816
480687
22166
540160
377366
89462
353948
567717
240537
345370
109046
568425
197437
197300
359104
559386
80429
396252
135037
120147
413057
397379
450483
464779
72518
305634
279195
530777
522119
144313
214430
382291
353519
516178
86576
340684
351002
323288
78947
166977
272783
154520
34299
476913
98197
401553
27778
412922
302298
369283
13016
280879
266153
129485
408393
126815
573732
333321
559127
525462
209133
373120
376165
577310
499727
52147
428366
187986
51094
72602
398674
568076
328289
56303
535592
301954
537122
449529
204667
8351
339611
206800
28019
199919
405762
190884
239254
330292
91754
125227
204098
517468
71313
510522
172091
488018
561910
8469
103257
573062
109783
111591
173647
245660
562382
196484
308170
547528
121260
258352
290708
47181
475218
284461
407040
181860
490184
462773
262893
311068
511496
569479
70125
366577
417887
486769
354268
361132
346425
2309
34167
295565
535165
12891
447769
237587
7782
91487
415747
316471
149
568614
421499
233748
569459
315427
205625
96997
380724
213005
286530
80275
440182
492489
393386
10039
395092
381684
509804
350505
284297
402897
322777
527506
17055
135251
471312
8379
139165
543181
434981
521921
184329
156700
221891
20145
446853
188637
473517
204041
706
143085
206496
575909
268316
353942
368970
361033
362796
52076
418653
551364
491850
312783
187351
498563
19181
59641
562804
299271
476652
435750
133195
141414
449071
457194
520449
378012
580931
523161
551701
263211
388507
220244
365259
425836
391347
169505
288131
415818
336459
371603
292410
315871
67571
528189
498557
188927
572733
348074
204333
227567
46189
101155
178789
54594
95611
522665
141834
67752
466005
511136
445952
443377
15915
537857
127980
542248
461774
390908
262049
533508
258176
401551
223929
321851
56599
175608
11673
92145
318850
197875
213032
333550
282208
98233
503015
325147
381961
325620
251476
422311
561810
252614
553867
13202
27617
69599
373255
76351
427844
363504
129142
147293
446345
64588
313315
281448
104124
483569
443188
255135
227508
263320
348636
275115
186090
386200
81995
564513
460964
61601
419738
544950
508818
246287
317534
472394
301727
97825
226712
390685
502758
486921
77693
563067
215391
26602
275913
109246
550729
281133
168991
209179
163798
506209
42085
145502
521059
228002
171880
85700
186410
496253
422300
504130
234910
457521
575
452224
512511
556112
378566
177604
434850
386355
321705
108321
304220
557640
517632
348204
341899
400257
390952
310861
345869
440246
374947
374891
294030
403421
262119
272412
433691
531465
202912
120388
35485
197716
427803
131364
110997
122871
456768
430615
127455
329843
119573
562092
508516
215320
312423
573733
201519
43683
362363
151393
560713
115887
29125
125394
51773
164999
243000
578439
81390
146785
173561
565514
84389
181996
425573
219754
24699
156827
513441
345590
39619
360367
336546
517869
35422
297970
443272
211118
224264
57647
520617
176040
532976
54627
218870
404205
174284
262777
205023
119047
348443
259576
57362
223293
185848
381368
329355
278628
557037
133837
461522
42701
382521
353709
285607
50820
569375
263420
336250
2278
445537
475944
154770
59458
579560
406767
296134
573455
209386
37905
264998
28318
289471
269419
232292
437790
202583
245562
378111
17715
483107
522454
503091
236632
208915
49443
376456
370701
502805
212044
307054
493978
556482
19157
237568
219312
581731
193707
206278
490893
282238
41859
544607
268552
90051
112651
182233
375816
200938
574790
302199
527689
511713
305347
271499
411415
327217
170250
573928
355975
129100
514396
228098
367673
75560
446209
128324
551338
264936
293598
350675
13235
246012
78798
9075
38910
568238
115071
13992
402562
262006
163106
553998
341963
513210
374956
207152
31305
553682
1063
522477
429585
22724
486233
250162
73440
452011
328512
101110
511198
396410
109231
373395
546693
247360
285260
505539
45785
85114
160834
342932
42069
544035
56134
383991
184379
474800
540092
579213
441921
404982
240847
51537
497768
442761
413475
558600
581499
384643
235959
169936
63486
193299
376410
36157
213537
69576
328729
122189
401831
478403
539359
520273
202970
568237
360512
13397
255554
250953
233925
405137
191770
422887
183113
93703
579731
351726
1359
493196
146959
86336
229867
285646
326079
126685
173596
269126
91637
414592
234291
335274
442199
521682
424102
197118
313807
204867
312479
209420
142418
270229
483261
505784
532285
352680
581881
483182
55642
413989
439539
494162
575497
309496
431707
91604
229935
281056
555911
567935
324595
576714
548935
527477
519838
494980
508418
262800
331955
109791
487269
493321
142735
447879
78169
509471
417474
314681
195296
265573
561050
541486
421218
524508
478056
296367
178034
217864
258399
8095
459104
548939
444982
359716
396811
412963
97785
320905
169466
249158
485097
251627
489950
430808
281085
223243
27352
458448
63022
166127
368084
283383
573291
43354
23542
436799
268539
330564
473119
188120
231161
52155
528116
115536
2280
447108
412222
216570
230262
422563
101839
516798
479075
85291
105679
255971
13995
577640
574755
253125
75119
468679
383372
152963
287830
171524
339227
222424
262471
318763
316031
122203
342561
286897
282928
388353
155939
30080
319209
115765
191505
484066
442345
13092
90125
106973
536486
141608
19306
388599
285360
64279
66126
556801
135057
302227
423423
80518
272129
326354
457288
452341
14567
521402
232544
298440
560628
510230
475917
104965
119232
332355
578856
22599
92096
208414
504699
211097
306895
540404
477861
402234
78729
150129
429765
220655
418106
98101
415528
358211
5011
365784
28311
194752
98510
361693
380678
444880
157792
96211
555143
80535
14844
235345
462342
73726
79260
422305
137809
111180
351876
160001
298540
546307
484816
479316
158878
506097
13215
289073
506628
314880
333474
5152
182895
98008
420643
365648
70334
110175
402626
191047
119469
522000
547338
180086
258529
226488
407210
120987
246959
188445
241557
151334
167598
153946
71339
361127
519528
355234
525035
78781
58194
572830
489297
100417
201018
27562
361830
514171
32809
43226
215485
359030
313557
546037
364561
13333
366665
241340
147196
29094
329765
185579
233817
389964
385378
8830
394468
406981
576158
486991
14998
220487
172492
521296
400253
51040
566029
576468
515219
171045
43353
472387
95726
578807
219514
6531
377244
299573
297312
154028
209353
25747
272940
47396
485422
542453
161545
142672
358828
373849
324291
272635
502493
394131
393288
65088
180272
91264
385589
174474
317792
424222
136338
333721
145679
257490
297843
385057
388228
196917
515655
57871
186116
199112
375130
532310
493774
574349
25895
77296
263112
280008
168622
240322
214523
551836
316161
357996
498980
183155
490619
121302
223573
99025
331518
2758
156192
236262
230057
260982
459176
386819
310906
242656
426939
589
266631
516805
290318
428761
67090
382172
485665
41437
416338
103513
283426
452183
315808
343393
376715
503164
266375
402869
377282
535233
338102
426482
474788
143
539326
118188
467432
26534
270918
573572
107610
306998
69510
277932
196811
565053
162915
407235
178592
389655
286490
288794
258834
276969
254911
155671
12548
126607
433839
342107
563381
368242
91728
206469
172123
254645
377597
167712
503483
428015
55601
524563
291702
486655
254997
119891
197812
570196
21382
70659
548933
506910
528067
449546
319738
406500
338688
205010
236282
400948
415588
530772
215815
282766
151236
371036
224592
106194
320808
151619
476443
260382
53956
376407
546869
505400
300260
532779
54348
117916
218762
8128
42690
439352
552938
130812
466261
448626
194771
533803
32952
192217
103042
161751
284910
81
215884
269597
366759
355410
5033
353915
448436
283220
262917
390625
547903
274768
312054
452899
498371
558646
218397
66483
208319
337013
569142
435048
327130
493751
503196
104002
286594
48204
371628
368750
165543
274474
203201
303287
215502
264214
559576
283246
329318
16064
486030
421072
260307
205280
87685
300815
319398
291458
61918
24560
110626
157673
224735
190964
228541
262932
4880
372673
267848
145006
75778
269947
564933
280530
146099
173737
431731
122811
527625
551737
189742
268133
206394
567053
473050
404596
82005
55199
388854
495637
475890
369094
577028
219225
43232
401270
335255
35551
121365
140065
84356
134119
94202
144122
11081
319522
60979
339009
39925
136740
190617
91744
167229
429248
403683
313186
77380
226527
21796
360643
390575
314597
313674
38310
253480
306522
285499
484180
578671
109653
363214
106658
165907
337233
418473
123069
28930
270612
41984
99983
99910
556157
544209
255808
561615
45446
50100
289821
304558
563329
413731
154854
340258
354824
9809
260829
317172
185530
419979
478567
193669
22710
453137
475656
319190
242631
18252
117262
163085
405166
452308
155921
223909
334549
400568
52951
419466
325434
159423
404710
19964
354312
436174
168706
146583
110203
377694
74927
346345
443630
97006
48491
80969
533276
399481
273230
305385
314292
84592
172574
47071
48287
176828
51730
519844
266518
137031
456176
52761
469816
229315
138131
539768
31733
38440
157715
8193
515296
96027
278112
526750
433483
145825
55805
463048
227205
230679
155942
570077
359162
328454
546292
114863
553150
260942
330535
556591
6688
480605
578306
310091
455548
576157
197850
169353
10580
150007
547118
456656
385612
249264
95019
578522
16879
401003
328652
450806
74460
458355
164855
409023
116518
357
15404
74224
532234
173401
66366
216332
484689
101292
188973
324778
336006
175370
342296
100689
352576
397899
251114
549685
290979
21945
142318
567665
209630
284543
578227
562846
111968
485752
138569
574384
142168
491212
461306
141755
173580
570069
23631
491826
110581
365523
153827
488918
576754
372252
75673
342092
148554
156299
319406
471351
384264
278055
433129
89446
42228
165053
400353
61740
243382
216785
352370
162688
565543
405090
544614
226896
242712
277697
454053
385115
412616
449156
398373
331607
148193
294247
403826
418042
202328
234993
354863
470117
295376
467843
206221
217899
266217
402598
180510
501540
441686
100486
534331
64522
148032
282197
261461
175715
104435
510585
396165
182423
22002
524991
362797
183302
438180
563168
21972
468760
240158
72601
159634
100087
544264
267594
303986
250506
549088
154020
72011
312631
339535
498601
35899
495491
508454
132123
168818
481462
350083
352236
558784
545788
22278
187765
60856
513494
532819
490328
340561
570403
577065
356293
164583
559975
377758
206889
67443
544395
399554
489995
121618
567566
300322
401653
118584
32682
163031
234691
231862
14707
117834
545072
115178
209418
254204
328350
329797
102915
29426
180167
363460
162372
103485
30471
60859
492435
246650
196879
259703
192763
228519
567751
395187
278306
249921
410231
33386
525589
575523
18534
158914
119225
74099
402313
83283
253419
29019
386161
352505
488787
113756
572909
510314
385050
459982
526663
193943
526867
54344
471916
314356
459355
575574
16599
308621
156876
333431
188805
310889
505978
110961
348247
393241
534334
509693
446093
371183
371493
407676
302364
361221
162577
207313
513670
444831
274052
449699
469480
503277
124873
119113
264377
559462
525625
548822
171235
151939
342323
429620
31411
389154
7267
378451
336047
354121
53448
80363
471015
169330
109363
557150
377911
41276
413869
192535
99803
464210
474315
168090
443693
127189
212863
218302
40930
435777
26780
27006
402559
250897
201508
75057
373613
510207
333216
318464
270865
201622
150098
407274
415789
376691
430391
62741
127475
302756
445726
414850
55402
232371
389320
308194
455075
163107
285588
221257
361774
484761
92109
270583
463738
32627
480115
578493
76792
15681
356908
353017
226693
286327
256967
18916
517805
186308
442080
42861
404635
413903
167083
326063
213393
328981
537925
285600
392260
525691
561046
215719
294776
521914
280360
185437
321437
328668
542449
250868
5213
365918
532055
284688
490031
101246
78674
185590
213911
230117
373591
92951
382572
235529
272312
300580
500594
41773
64765
438377
574487
575633
562614
537297
115632
277961
237663
228855
102665
111707
361661
536201
30962
202264
151908
411474
464706
417957
102755
570317
97626
176314
118320
104381
353964
367452
515719
332781
510418
344231
534391
129695
287960
6426
529670
530396
166776
358060
437831
104108
167693
105545
547703
192273
428379
244784
347858
199319
155466
547192
52382
59236
319645
249791
68950
190204
43393
351567
124694
132689
289337
482826
494721
236840
386475
163897
172248
198832
432818
552855
23759
112359
175430
283728
56413
526645
118514
484494
490336
578786
400472
507322
301667
539858
479203
150237
266569
387293
552579
311511
395973
208459
275710
181876
92711
228627
297168
338132
436317
305723
217094
81318
528225
35976
571575
138518
20971
64309
321026
39606
274570
370266
99341
379638
421297
161654
183806
377090
470697
24971
438095
417619
519758
163281
258888
3947
505388
116065
508100
183895
131160
553522
522315
508502
441251
434856
573756
502540
314027
407065
329806
473448
475369
71719
182240
107197
240198
409646
187989
240240
73029
167544
310981
259235
83262
324882
126973
546095
461371
202571
229856
64865
27739
527507
427876
163361
270323
191681
362739
244923
491606
220307
279558
59009
464629
537710
307781
563028
541531
236909
263274
92034
210983
148527
121535
419105
414022
565431
350720
482777
443871
74369
227779
247706
571989
459255
275542
441752
294309
359133
359234
371155
268111
87282
485550
372197
28429
9548
388212
327573
296235
337812
372199
90373
328881
575403
152649
553721
74945
467097
134012
6226
125313
497312
573066
406391
227164
531960
400162
405778
114087
401892
363399
409020
571803
166356
415157
360851
286606
15614
418606
342476
136131
352805
552776
128311
157657
314279
121107
327770
60434
538249
349318
572781
53838
109229
434027
539099
37746
255365
85163
128652
571396
245202
489461
312117
363624
350631
539173
476233
340898
88613
176278
246104
571029
59565
188130
452859
372592
181966
134211
161610
503832
97659
386080
85824
266652
340003
579002
542937
276634
119199
320722
97540
184789
322560
505858
390154
326712
258679
148462
100781
2400
106589
370512
177786
188692
14257
353551
574032
79696
6990
105444
34687
312724
332122
447476
574218
431067
579043
14855
12081
249835
539705
428263
349267
260020
373677
467854
370325
574725
277203
421502
115660
163970
46467
507351
553336
332193
532568
271842
183306
569065
274640
148274
268603
417946
553428
74466
486362
463805
128732
372938
544114
549936
224182
479879
173545
450037
224248
525168
273919
342490
43795
293265
389041
370808
425973
525128
381282
122137
547790
42415
183131
227523
18450
239754
502996
354572
32244
277622
267521
211119
546285
274248
28131
30856
199331
414046
155461
124387
148986
399262
180411
146151
547635
71972
753
490259
338316
389174
204938
144227
199028
498804
414754
382689
492618
348951
454644
574207
81922
501874
17324
312
149890
385749
200328
289972
446931
81020
170662
366005
413533
510915
268396
331738
107686
351852
533308
356237
480501
459354
518615
142804
299024
480443
280257
9426
426541
100902
539937
84786
289400
201270
499918
530652
252283
173046
321119
84123
499402
126413
44823
556372
190466
193732
155569
59750
250372
71145
74312
383424
329337
26432
499852
129314
461445
105734
576227
488538
246366
133051
284247
473658
195204
567423
567633
322791
202129
427133
533835
383950
67084
235788
507882
64244
458175
186493
452772
193401
185153
142757
189772
105184
128752
224701
401526
411615
16346
300903
258518
481014
59211
499302
401507
42875
16689
208830
85218
550310
75760
500359
102073
238390
168200
149588
97646
90237
488120
427800
77408
311251
496933
190353
140426
153692
233553
199815
180168
252810
452050
566847
346028
188405
212864
543303
511390
221234
91110
383432
473676
373519
405856
382855
501785
536110
279025
108961
296162
237034
85644
64048
461162
389273
64797
276666
476685
163727
326978
81206
167819
297075
172851
469343
386112
22815
34089
23908
140691
491611
265709
535424
110217
229574
130181
457822
447224
159537
364653
462512
357602
345543
469515
572372
482625
272610
86715
497226
420487
48825
299029
287171
367285
86552
339382
16720
315610
341065
195914
441909
18058
213785
384327
50849
250387
578232
10964
252384
244979
453582
93393
272961
83136
191298
493767
416169
183407
15016
83739
55559
451373
409796
